
manhattan_zips <- c(
  "10001",
  "10002",
  "10003",
  "10005",
  "10006",
  "10007",
  "10008",
  "10009",
  "10010",
  "10012",
  "10013",
  "10014",
  "10016",
  "10017",
  "10018",
  "10019",
  "10020",
  "10021",
  "10022",
  "10023",
  "10024",
  "10025",
  "10027",
  "10028",
  "10029",
  "10030",
  "10031",
  "10032",
  "10033",
  "10034",
  "10035",
  "10036",
  "10037",
  "10038",
  "10039",
  "10040",
  "10041",
  "10048",
  "10055",
  "10101",
  "10103",
  "10104",
  "10105",
  "10106",
  "10107",
  "10108",
  "10110",
  "10111",
  "10112",
  "10113",
  "10116",
  "10118",
  "10119",
  "10120",
  "10121",
  "10122",
  "10123",
  "10128",
  "10150",
  "10151",
  "10152",
  "10153",
  "10154",
  "10155",
  "10158",
  "10159",
  "10162",
  "10165",
  "10166",
  "10167",
  "10168",
  "10169",
  "10170",
  "10171",
  "10172",
  "10173",
  "10174",
  "10175",
  "10176",
  "10177",
  "10178",
  "10249",
  "10256",
  "10268",
  "10270",
  "10271",
  "10276",
  "10278",
  "10279",
  "10280",
  "10281",
  "10282",
  "10286")
